0.44 0.41 0.29 0.37 0.38 0.33
0.20 0.02 0.18 0.17 0.12 0.13
0.01 0.18 0.20 0.11 0.13 0.17
0.34 0.38 0.33 0.35 0.37 0.36
YAL028W	4	12	19	29	37	45	52	59	70	80	87	94	108	116	123	130	137	145	154	161	169	181	189	197	204	212	221	229	238	246	253	262	275	282	295	305	314	322	330	337	346	353	363	373	382	398	405	415	422	432	441	448	455	466	473	480	490	497	504	511	527	535	544	553	561	568	575	582	595	602	612	621
YAR071W	4	11	18	26	35	45	53	60	67	76	86	93	102	125	136	148	155	164	175	185	193	205	212	219	226	240	247	254	263	271	280	289	296	304	313	323	330	337	347	354	363	374	381	390	397	404	414	423	432	439	447	455	464	471	478	485	493	510	518	529	537	545	552	559	570	577	586	597	604	612	619	626	633	640	648	657	664	671	678	690	703	713	725	736	745	759	769	777	791	799	809	817	824	831	839	846	857	866	877	884	891	898	910	924	932	939	948	957	966	975	983	990
YBL016W	3	11	21	29	36	46	53	60	69	76	83	96	104	117	126	133	140	147	156	171	181	195	202	209	219	226	233	246	253	265	278	294	302	309	317	324	332	339	351	360	368	377	385	392	399	415	423	430	444	454	463	483	490	502	509	519	529	538	545	554	563	570	578	587	595	603	614	622	629	638	645	652	659	666	679	686	695	708	715	722	730	738	746	753	760	768	776	785	792	799	806	813	820	827	834	843	850	860
YBL017C	1	11	18	27	34	41	55	62	69	76	85	93	101	108	115	122	132	139	146	153	166	175	182	191	199	206	213	221	231	239	248	256	264	272	283	292	299	307	316	323	330	339	356	363	372	379	398	405	417	424	432	440	447	463	473	480	494	502	511	523	530	537	544	553	563	571	583	595	605	612	619	629	636	643	653	660	668	680	689	703	712	721	728	735	745	756	766	778	785	792	802	809	816	824	833	843	851	858
YBL004W	1	10	17	24	31	38	45	53	60	68	75	84	92	99	106	115	122	129	138	147	156	163	171	178	185	192	199	206	213	224	231	238	245	254	265	272	281	289	298	309	316	325	332	340	347	355	362	369	376	383	390	400	407	415	424	431	442	454	466	476	486	498	505	513	523	533	540	549	558	567	574	583	590	598	611	619	627	634	642	649	656	664	676	683	697	705	712	725	732	740	747	757	764	779	786	793	800	809	816	824	832	839	848	855	867	879	886	894	901	908	916	928	936	945	953	962	969	976	984	992
YBR083W	7	17	25	32	39	46	53	61	70	80	92	100	108	117	129	137	144	151	158	169	179	186	195	203	212	219	231	238	247	255	264	271	279	287	296	304	313	321	330	344	351	365	376	383	390	397	404	412	419	432	444	452	464	475	488	496	505	514	524	534	542	559	575	582	591	602	615	622	631	643	653	666	677	687	694	701	713	723	730	737	745	755	766	779	788	796	804	811	822	829	836	844	854	861	870	877	884	891	898	905	917	933	944	952	959	969	976	983	991
YCL056C	2	9	18	25	32	45	52	60	67	74	85	93	100	115	126	134	141	150	160	168	176	183	190	197	207	216	223	234	241	248	255	262	270	281	288	297	306	314	323	331	339	347	356	364	373	385	394	406	417	430	437	448	456	466	477	492	500	514	521	534	542	551	559
YCL027W	2	9	17	26	33	41	48	55	62	69	78	87	99	107	115	128	137	146	153	160	172	180	192	201	208	216	225	232	243	250	257	266	273	280	289	304	311	320	334	343	351	358	367	377	384	391	404	413	420	428
YCR089W	6	16	23	30	38	45	52	60	67	74	81	88	96	103	110	117	125	132	139	146	153	165	172	179	203	210	220	227	234	241	253	262	270	277	287	294	301	308	315	325	335	342	349	359	368	378	386	393	400	407	415	425	432	440	447	460	467	474	481	488	496	508	515	522	529	536	544	552	559	566	574
YDL127W	2	9	16	23	31	40	47	54	62	69	76	83	90	97	106	113	123	132	139	146	153	160	167	178	185	192	201	208	219	228	237	247	254	265	272	285	295	302	310	317	326	335	342	349	356	369	376	383	391	400	408	415	435	445	455	462	469	479	488	495	502	511	519	526	533	541	548	555	562	569	580	587	598	609	617	627	634	654	667	678	691	698	711	719	728	737	746	756	764	772	779	787	796	804	811	821	828	836	845	857	867	875	882	889	896	904	911	918	925	942	949	964	971	978	985	992
YDR085C	1	8	19	27	39	46	55	62	69	79	87	94	103	112	119	127	136	143	152	160	168	175	187	194	201	211	218	225	235	242	250	257	270	277	287	294	301	312	320	328	336	344	351	359	366	374	381	391	398	405	413	421	429	436	448	456	470	479	488	497	508	515	525	536	547	559	566	574	583	593	609	621	637	644	654	661	672	679	687	695	702	709	723	730	737	746	754	763	770
YDR145W	3	10	20	28	36	44	55	62	70	77	84	91	98	105	114	122	133	140	148	156	167	177	187	195	203	213	220	227	238	245	252	259	271	282	289	297	309	317	328	342	349	358	365	379	389	399	406	415	423	433	441	450	458	472	485	495	502	510	519	527	537	549	558	565	572	584	592	604	612	619	626
YDR146C	6	18	27	34	41	49	56	66	75	83	90	98	107	115	122	129	137	144	151	172	180	187	194	201	208	215	223	232	241	250	259	272	282	289	302	309	324	336	343	350	359	367	376	383	390	399	407	415	427	435	448	455	462	470	477	485	494	502	509	517	526	535	543	550	559	566	574	582	590	597	609	620	628	639	652	660	669	677	685	692	700	707	717	725	733	741	748	761	768	776	786	793	800	807	815	823	832	839	846	854	861	872	881
YDR171W	3	12	21	30	39	47	54	62	69	76	83	92	100	108	115	129	140	148	155	163	171	180	188	201	209	216	223	231	240	247	254	261	268	276	283	292	299	306	313	321	328	337	344	351	358	367	376	384	392	400	412	419	434	441	449	456	463	472	479	486	493	511	520	528	536	543	550	557	564	573	580	596	605	613	620	631	638	645	652	659	672	679	686	699	715	728	741	750	763	771	778	795	829	836	843	850	858	866	885	893	903	917	924	933	943	954	961	974	981
YDR251W	4	12	28	37	44	51	64	71	78	89	96	104	111	118	129	141	152	159	166	173	180	188	195	205	214	222	233	242	257	264	272	280	287	297	304	317	324	331	338	346	358	365	374	383	399	409	420	427	435	442	449	456	468	481	488	495	502	510	518	529	537	552	562	572	579	592	599	608	615	623	637	645	652	659	667	675	682	691	700	707	720	727	734	742	749	756	763	770	784	796	803
YDR311W	5	13	20	27	34	43	52	60	69	76	83	91	98	107	115	126	134	141	150	157	165	172	180	188	197	204	211	218	231	239	247	265	272	282	293	305	314	321	328	336	344	351	358	366	373	380	405	412	419	426	433	446	454	465	473	480	488	507	517	525	534	548	556	564	571	579	589	596	605	620	636	646	657	665	672	679	693	700	707	727	734	741
YDR312W	1	18	28	35	44	51	61	68	75	82	94	101	110	117	126	134	150	163	170	181	188	195	203	215	222	229	236	243	251	258	265	276	286	293	300	307	315	323	331	338	348	356	363	372	385	392	399	406	413	420	427	437	444	451	459	467	478	486	493	504	512	521	531	541	550	560	567	574
YEL040W	1	10	18	25	36	44	54	61	68	77	87	94	103	110	117	132	139	147	155	163	176	187	197	204	212	219	227	236	243	252	259	266	273	280	293	300	307	314	324	335	343	350	360	369	377	387	394	403	410	417	433	440	450	457	465	472	479	486	494	501	511	518	526	539	546	559	566	573	581	595	604	613
YER044C-A	1	12	19	31	42	51	61	68	78	85	92	99	107	115	122	129	136	145	152	164	171	182	189	198	205	212	219	226	233	240	249
YER155C	17	27	34	41	48	56	63	70	77	85	93	100	115	123	141	148	155	165	172	189	198	205	213	220	228	238	247	254	261	270	277	284	292	308	316	323	330	337	347	359	368	382	389	398	405	412	431	440	447	456	464
YFL026W	1	8	20	28	37	46	56	66	75	88	95	103	115	124	131	138	146	153	161	168	177	190	197	210	217	229	241	250	261	274	283	297	305	312	325	333	342	351	358	365	378	385	392	407	417	427	434	442	449	459	468	477	485	493	500	507	514	525	534	550	557	566	573	580	587	598	607	614	622	629	638	645	655
YGR014W	1	24	33	43	53	61	68	75	85	93	103	118	128	135	145	153	161	171	178	185	192	199	207	214	225	233	241	252	265	281	289	296	306	315	324	332	339	349	356	365	372	385	397	404	411	418	425	434	441	448	455	462	472	480	487	495	502	511
YGR189C	2	13	21	30	38	47	54	61	73	82	91	98	105	114	123	132	139	148	155	162	171	180	188	197	204	211	221	228	242	249	257	266	273	280	288	295	303	310	317	326	333	342	349	356	363	370	377	389	400	412	419	426	437	445	458	465	481	489	496	503	513	528	545	555	563	572	586	600	607	617	629	637	645	653	661	669	677	687	697	711	719	727	736	743	756	764	773	781	788	802	809	817	824	832	839	847	855	862	871	880	887	894	901	910	921	928	936	943	950	957	964	972	979	986	994
YGR222W	5	13	27	34	43	50	57	65	76	85	92	99	107	115	123	133	142	149	156	165	181	188	197	205	212	221	235	242	250	260	268	279	289	302	309	316	323	332	340	347	354	361	369	376	386	393	401	408	419	426	433	440	447	454	461	470	477	486	495	502	509	525	536	548	556	569	579	587	594	601	608	618	632	640	659	666	673	681	689	696	703	710	717	730	737	744	753	764	774	783	790	798	805	812	819	828	835	844	853	860	868	878	886	897	908	916
YGR294W	2	10	19	27	35	42	54	61	69	76	85	94	101	111	118	125	132	141	148	155	167	175	182	190	197	205	223	233	247	254	263	274	281	288	295	302	309	316	328	335	345	360	368	377	386	400	407	416	423	431	439	446	453	460	472	481	491	499	507	515	522	532	539	548	555	567	578	586	594	603	612	624	632	643	651	660	667	676	683	695	704	711	720	727	739	753	764	771	779	787	794	801	808	815	822	833	843	858	869	881	894	901	910	917	925	932	939	946	953	960	968	977	985	992
YHR005C-A	2	9	16	23	34	41	49	59	67	74	81	88	98	105	116	123	130	138	145	153	160	167	176	183	190	197	204	211	219	226	234	241	250	258	265	272	281	288	295	304	313	322	329	337	344	351	358	365	372	379	390	397	404	411	420	431	438	447	455	464	475	482	489	500	509	518	528	535	543	551	558	565	574	583	590	597	607	614	621	630	639	647	654	662	669	676	683	690	697	711	718	726	736	757	769	777	788	796	806	817	828	842	854	861	868	880	891	899	908	917	925	934	945	953	960	968	977	985	993
YHR084W	3	10	17	26	35	46	53	60	68	76	85	95	109	116	124	133	140	149	157	165	172	179	187	195	202	210	217	224	231	241	248	255	269	282	290	304	315	325	332	339	346	353	360	368	375	388	395	404	412	421	429	436	447	457	465	473	480	495	507	521	528	536	543
YHR152W	3	10	20	29	37	45	53	62	70	81	92	99	106	118	125	138	150	159	166	179	187	194	202	210	220	229	236	244	251	260	269	276	283	290	297	310	317	330	337	344	352	359	369	377	390	397	404	411	418	426	435	446	455	464	471	478	490	499	506	514	522	530	537	545	552	562	570	577
YIL036W	9	16	24	34	46	56	68	75	84	91	101	109	117	124	137	144	151	158	170	179	191	198	205	223	231	238	246	255	262	279	289	297	304	311	322	329	340	347	356	365	379	387	394	402	413	421	429	439	447	454	462	469	478	485	492	502	511	519	528	536	543	551	558	569	577	584	591	600	607	614	622	630	637	650	659
YIL015W	4	11	18	27	37	51	58	66	73	80	87	96	108	116	125	132	140	147	156	163	176	184	194	201	215	222	236	243	250	259	266	274	281	289	304	311	319	326	335	342	352	363	375	383	392	401
YJL163C	2	9	17	26	33	47	54	61	71	78	87	94	101	109	116	123	133	140	151	160	169	177	185	195	203	212	219	228	238	245	253	265	272	282	291	299	307	316	325	340	348	355	362	369	377	384	391	399	406	414	421	430	437	444	454	461	470	477	484	493	500	507	514	522	529	537	544	551	558	567	577	584	595	602	609	617	625	640	647	658	667	680	690	697	705	716	725	732	739	747	756	763	772	782	794	801	810	817	830
YJL145W	1	12	24	31	38	54	61	68	76	84	93	100	110	119	126	133	143	154	161	168	177	184	191	199	206	213	221	229	236	245	253	260	269	278	285	300	314	321	328	341	348	359	366	378	386	394	401	413	422	429	436	444	451
YKL208W	3	10	18	28	43	50	57	65	77	87	97	107	114	121	130	141	148	156	164	174	185	194	201	208	215	222	229	236	245	252	260	267	274	283	290	297	305	312	323	333	341	348	356	363	370	377	389	396	403	410	417	424	432	442	451	460	471	484	493	501	512	519	531	544	552	559	566	576	583	590	602	609	619	626	634	643	653	660	674	681	693	701	708	716	729	736	743	755	763	770	779	786	795	807	817	824	832	843	852
YKL104C	1	14	21	29	36	43	50	57	64	72	79	87	94	101	108	118	128	135	143	150	161	169	179	190	197	205	216	223	231	241	252	260	268	275	283	291	301	308	315	329	336	343	365	372	379	388	395	405	412	419	428	439	448	460	469	476	483	494	505	514	521	528	541	548	555	562	569	577	585	597	604	619	626	634	646	657	667	674	681	689	696	703	716	724	736	743	750	757
YKL003C	1	10	20	28	35	42	50	57	64	71	79	86	93	100	109	117	124	134	143	153	160	173	180	187	196	204	214	222	229	238	245	254	264	275
YLR452C	3	12	19	28	37	49	58	66	83	91	98	109	121	130	137	144	152	161	168	176	183	191	203	211	218	230	239	251	259	269	276	289	296	307	315	323	330	337	348	356	364	371	380	394	401	408	417	424
YML047C	1	10	19	26	33	43	50	57	64	73	84	91	100	108	117	126	133	140	148	155	162	169	185	193	200	207	214	221	228	236	246	253	260	267	274	281	288	295	304	311	319	344	353	361	375	383	390
YMR198W	3	11	18	30	38	46	53	60	67	74	82	91	100	116	123	130	137	144	151	161	168	176	185	192	200	207	214	221	228	235	243	250	257	264	272	279	286	299	307	315	323	337	345	353	364	374	390	398	407	415	422	433	442	449	459	467	474	482	489	496	503	512	522	529	536
YMR232W	5	14	34	49	60	68	75	83	92	101	108	120	128	135	142	152	159	169	176	187	194	201	210	217	224	231	241	251	258	266	274
YMR236W	2	9	18	30	40	49	61	70	77	88	95	103	114	121	128	137	148	158	166	174	181	188	199	206	213	221
YMR306W	1	8	15	23	31	41	48	57	64	74	82	89	100	110	119	129	143	151	158	167	176	188	196	205	220	232	239	246	254	262	271	278	289	299	306	313	324	331	349	356	368	378	391	402	409	418	426	435	448	460	468	476	483	493	502	513	528	536	543	551	560	567	575	582	591	599	610	618	625	639	649	667	675	682	698	706	716	730	738	747	758	770	777	792	804	811	818	826	833	842	849	856	867	875	884	892	899	908	919
YNL298W	2	10	18	27	43	52	62	71	79	87	98	108	117	124	131	145	154	162	176	185	193	202	219	229	237	246	254	262	273	281	289	296	303	311	324	331	338	349	356	366	373	382	390	399	407	415	422	431	441	448	460	471	480	490	497	504	512
YNL280C	4	13	21	29	37	44	54	63	70	78	87	94	103	111	118	125	132	139	149	156	163	170	178	186	199	206	214	221	230	237	248	255	265	273	280	287	296	303	312	322	334	348	355	371	379	386	395	403	410	417	424	436	443	450	457	465	473	481	490	497
YNL192W	1	11	18	26	33	45	52	64	71	78	85	92	99	106	118	139	146	153	168	178	197	206	213	225	233	241	249	257	265	277	284	296	305	312	319	343	351	358	365	372	379	386	393	401	408	416	423	433	442	450
YNL145W	1	9	19	26	33	41	48	62	69	76	84	91	99	107	121	128	137	145	152	165	172	181	188	196	203	210	217	226	240	249	263	270	277	284	294	301	310	322	330	339	347	361	368	375	388
YNL106C	2	10	22	30	37	44	51	58	65	72	79	86	93	101	110	117	124	131	138	145	153	160	169	178	185	192	217	229	237	244	255	262	269	280	288	298	310	317	324	331	341	349	361	369	376	384	392
YNL042W-B	2	10	23	31	38	45	54	62	71	79	88	97	106	113	120	127	137	145	155	167	175	183	190	197	204	211	221	231	246	255	264	281	288	301	311	318	326	338	345	355	365	376	385	393	400	407	414	428	435	442	449	460	467	479	486	498	507	517	524	536	543	551	564	571	578	585	595	605	612	619	627	635	642	650	659	673	680	688	695	702	711	718	727	739	750	759	767	774	781	793	804	814	821	828	836	843	852	864	871	879	887	894	904	911	919	928	941	953	961	974	993
YNR044W	3	11	18	25	32	40	47	57	66	76	86	93	100	107	114	121	128	137	146	153	163	171	179	196	205	212	219	227	236	246	261	268	275	291	298	306	317	326	333	342	350	358	366	376	384	394	401	409	416	424	431	438	445	458	465	473	480	491	503	510	517	524	533	541	548	555	562	574	581	589	596	603
YOL165C	1	8	17	26	33	41	48	55	62	69	76	83	94	101	108	119	127	135	142	156	168	179	189	196	203	211	218	225	233	242	251	261	268	277	287	294	302	309	319	329	336	344	354	361	369	378	385	395	406	413	426	434	442	449	456	464	472	479	491	505	512	519	526	533	541	548	559	567	578	586	598	606	616	629	645	655	665	677	689	696	707	715	722	729	738	746	753	763	776	786	797	804	811	827	834	841	848	857	866	873	880	893	900	908	916	928	936	943	951	960	972	979	993
YOL164W-A	1	8	19	38	45	52	62	69	79	86	93	104	113	123	133	140	147	157	165	172	179	186	200	207	214	235	243	252	266	273	280	292	299	308	316	324	331	340	355	362	369	377	384	391	401	408	415	424	437	445	453	464	475	482	489	496	503	514	521	530	537	545	554	563	573	580	588	595	605	613	624	636	645	652	662	675	683	690	703	710	717	726	733	740	747	754	761	774	781	788	795	803	812	820	827	834	846	853	862	875	882	890	899	909	917	924	932	941	948	955	962	969	978	985	992
YOR095C	1	11	19	26	35	43	55	64	72	81	92	99	111	123	133	141	149	156	168	176	184	191	198	212	221	228	240	247	256	263	274	282	290	301	312	320	332	344	355	363	370	379	386	396	404	412	419	430	443	452	461	468	475	482	490	497	505	513	527	537	548	556	564	574	582	590	602	609	616	623	630	637	647	660	671	679	694	702	711	719	729	737	744	752	759	766	778	785	795	807	817	825	832	846	854	864	871	878	886	893	900	910	920	928	935	947	955	965	972	980	988
YOR246C	1	8	15	24	31	39	47	54	61	70	79	86	93	101	115	124	132	139	146	154	163	170	177	186	195	203	213	223	232	241	248	255	263	270	279	288	297	305	312	319	326	334	344	351	359	366	374	383	392	399	407	415	425	433	442	449	457	467	476	485	508	524	534	541	548	557	564	575	589	600	609	623	631	638	645	654	662	672	681	694	703	714	725	739	746	753	764	777	784	793	804	815	825	833	841	856	863	873
YOR381W-A	1	8	15	25	32	39	46	53	63	70	77	86	93	100	108	115	122	129	138	146	153	168	175	182	191	198	205	212	222	229	237	245	255	262	269	276	283	290	297	304	312	320	327	334	342	354	362	374	383	391	399	406	414	421	428	437	445	452	459	470	479	487	496	503	513	524	534	542	551	564	573	580	590	597	614	621	629	636	644	652	660	667	675	683	691	698	707	714	721	728
YPL192C	2	9	16	24	38	45	52	62	70	77	91	98	108	122	131	138	145	156	167	174	183	190	197	206	223	250	258	265	272	279	287	295	302	312	320	333	340	349	361	368	376	383	390	399	408	417	425	436	443	450	457	466	473	486	493	502	509	516	523	532
YPL049C	7	14	22	31	40	50	59	66	76	86	101	110	123	130	137	144	151	158	165	174	181	189	203	210	219	226	233	243	250	257	267	298	305	312	322	337	346	361	368	377	389	398	405	414	428	436	443	451	458	467	476	485	497	505	512	520	529	536	543	550
YPR122W	6	17	27	35	42	49	56	63	70	82	91	98	105	115	124	134	143	152	162	173	182	190	205	213	220	228	238	245	253	261	268	275	282	291	300	308	317	325	337	345	352	362	371	384	391	401	410	417	426	437	444	458	466	474	482	491	498	506	513	524	533	545	552	560	567	576	585	592	599	606	614	622	632	640	647	655	662	671	678	685	693	702	710	717	727	739	746	753	761	769	776	784	802	812	819	828	836	845	852	859	869	879	894	905	912	920	928	937	944	951	967	974	983	990